10001110111100111111101011001101100110101010001100101010011111100001111101110001
00111010100010000111000000100000101101010000100111000011000101010100111100011011
00001010111110011101001110110001100010111010000101001101110010000111100011111111
11011010010110001011111011001000110010110110010001110110010100010101111110001011
10001010101111101100001011100011110101110000110000010101000010111000001000001100
11111100001011111010100011000110011100011000101000110001111000001100111010100100
11000100111010111100000101010010110110111111010001100000110000101011101001011001
10011101100001111001000010111001100110011110100101011001110011100000110001011100
10000010000011010100111110111101010001001101110100000101101000001000111010101010
01101000100001110011000101000111000000111100111101010010100010111001100101110111
10110001000000100010111111011100111001000011111000001001001010100101110011111011
01011110011100001000101100110110001000101110001010100001100111001111110001110000
11110011111111000000111000011101110001000101011000100111110010111001001010000101
00111001000001111101011000010010010000000111001010000101100011000110100010010100
10110010111100001111101110101000010000110010011100000011101010101100100111100110
11001111011110010111011110000001101010100000010101110011101101000100111001010111
01110100100111011111001001110001101010100100001010101001000011101011101111101001
10101010100100100010000001000000100010100001101111101100011010100111101000101001
11010011110111100101110000000001010000010001001010001000110000101011111000011110
11001111110010001110011100011010111001010100000111000111100000001010001111101010
11010111111000110010001100000101001100111001100100110101010111010110100101000100
11111000110010010100000011110011000110100010111001010110101110010000110011010111
01111111101000101110001101101001000011011100111001101111111111000000000101001010
10001011101101110011101101011101001010100101111001110110110111000011100100110000
00000110001000100011111101101101000111000110000100101101100101010000100100010011
11011000111010100001100100111100111111001101101100011101000010110001110001110110
01000101100010101110111111001110010100010101111110111011010001011101111110100010
01010000001101101100100100011000011011100001001011100101000100101101111011100111
10101011100010001111100000111011111110110001100000000011011011111101010110101011
01111101000001001001111110011100101001111110010011101101111010001010110100000001
01000010010100110010111010001100001110010110110010010111100100101001010001001111
00101110111110111001101100010001100011111101100010111100100001010110111100111101
10000101011110100111011111100100000011110001101001010110001100010110010000100101
10111111101101110101000110100011010110111101110011010101110001101101111101010011
01111011110100011111110111101001011110111010011001100110011001100010110001111010
00100110001111111111001100001110100100010011101100000101011000111111000111000001
10101000111001011100010101001010111010101101101110100001010111010000101101000100
10011111001101100110001101100001100111110110000010000001110100001010011101100000
11110011101100010101010111001000101111100010010010010111010011110011101110101100
01110011000000011000010000111010100000110111001000101100000111010011011111110000
10000010111100001001001111100110010001110110001110101001100000111111001011110000
11101010100100100101101111100000000010000001100100100000000101010001001011101100
01011111111011110010100000010001011110101111000110110001011101101000101110110100
01111010101111010110101101010000101100100100011000000000110111001010101111111001
01101010110010100000011001001001110010010100111000110001110110111000001011101001
01000100011001010011001110101101100000101000101010101100000110100100111101000000
01001000100001111111001110110001111001011101101000111001110111000111000011010010
01000001101001000101001000011011110111110000010111001011001011101010011011110110
01100111111010111000001001000010001100110110010001110100101011110110011101010100
11110101110011000000110110010111001100001011111011001111101011010010010111101010
10111100111110000011000011001111001010011011110101101010110100111001011001110011
10110110110010000101001011001100000011010111110101011101010111110110110011110111
00010001001011011111000110000010111111111101101111111110101011000000001011010110
10101111011000010010011100111110111100010100110000011100111111001100011011000001
10111010000100101111000110101111101010000101000111011110011101001000011000100000
01101001010000011011001110100001110000010000010010000000001011110011001011100001
11000101011100110011111011000010010010010110001011011001000110010010101100111100
01110011100010000110100110110000110000101100110011100010001110101111111100111110
11001111010001000000011001101111111100001011000010011010111101011010100111010001
00101100000001111101011010110000010101111110111111001010110111011111110110100000
11101001110110111010001111101000011111110010110110001100101010100100010011001000
00100011010000111000110001010001000001100011001101100110001111011001001111111011
01011000011110111011110101011001101110010100010010101110101110000000011000000010
11010111100110001110011011011000001000001110001100011011001001001011010111001011
00101100101111101000010101011101101000110011101101000100100110000100010100011001
00100011100011010000011011110000111100100001111100000000010010000110111111010101
01011000100010011011110000001010110101100101010000010001011100100110110001101010
11101111110011101011001000010111010101011101111000011110111101100010001001010110
00001100100000000011101001110101001011011011111111000010111000000101110001011011
00010010010011110010001111000000111000100011011011000000010010111110001110111101
11100111011101001011101011100000011111000011001001000101101101111100000111010010
00111111110111011111111110100110000011001101000001111110000011010000110101110000
01000101001001110010101111010010111000000100100000110010011110011100100000110100
00000010110111100101100111100101010101111101111111101001001001101011010111110010
00101110000110101000101001011001010011101110111011010000101100001100000111011101
10000100101010111100110000011000101110010110101001001011010110110000010100001100
10001101110111111110001110101010010101010011010100001011110101101001000010110000
11100110010110010110000101010001110100110011000000101000011111100111001010011011
10101011111001011000100101011100111011000011110000101100000101001000011001111011
00001010101110001011000010101111101110010110111111110111110000010111101101000000
